2245
33943
49314
19016
43473
22686
3117
9883
7597
9424
10224
10178
29186
31203
35756
3966
13484
39051
37108
21926
16026
29228
38904
48
44429
20743
4220
1881
5738
25655
3217
3271
14593
26569
34558
31175
39062
3918
27391
3025
27914
35018
44051
43242
10060
3691
38231
32183
33817
36152
5641
14081
44673
43784
28692
19847
29312
44359
26969
37663
17415
20263
17944
29557
3315
40779
15743
20297
44919
30335
46825
8544
14970
38938
49338
5208
47649
20592
21822
3882
38985
6778
37445
27160
43294
29597
10119
26742
15101
45983
5702
34894
39443
12220
35996
29360
16616
26798
25604
29853
40768
36403
9897
19436
26244
39718
39770
7255
30911
16766
23740
32125
27856
25653
25828
39700
4650
22510
11886
28171
12986
17279
10380
30422
9798
41254
6317
9139
15934
36161
37630
34858
5054
535
26423
29379
25300
19412
23529
32421
12799
19486
18766
15958
46589
49965
36473
29150
15016
37408
6946
32960
31497
5229
31675
49651
39847
27934
42988
3366
3223
27445
6819
6244
10059
25572
22601
21459
28833
15144
34273
32322
28041
44911
11311
20269
45687
48110
45222
18708
32395
41086
2936
964
4144
46393
7101
13522
47965
18593
46538
24960
13243
29338
4490
35670
17921
46850
36355
12886
39592
36319
36191
21482
33137
38546
38381
31829
22171
29604
40318
13151
7795
43496
26936
21113
6666
10517
23229
4615
12789
24397
1677
35775
30502
21551
44618
44666
47729
42129
13451
38506
31762
22466
25434
43189
39792
35687
48485
21153
32554
4253
23550
13928
44108
26021
49088
29030
14967
44000
18375
49374
36109
16988
13595
44226
13063
42273
35709
44971
40746
38713
17896
38168
25824
36439
4737
22092
2521
31930
13242
6126
43636
42394
43152
2757
12642
22721
14910
11827
40929
3695
18801
3272
9895
14247
14493
38276
32771
45817
42057
8895
9333
7189
47648
39056
19917
45827
6430
13248
26465
32462
7461
6008
47115
37486
26068
28870
30489
8680
14512
34969
25028
40249
47272
11985
39170
24633
49885
35417
12553
47341
36403
32003
42667
15000
4377
32254
22519
41902
12894
44565
38011
40773
32008
6013
26101
37773
34859
42915
630
46818
25889
27452
17404
10785
39646
25200
12729
17247
17416
40165
20122
4878
47220
6817
38082
24821
42336
19133
46276
30890
27453
8653
20597
49362
35652
42181
31963
9537
26684
4664
42974
46805
1557
26809
25914
2592
32886
12276
6547
4639
27088
46474
11601
10592
21370
39974
31259
3672
44598
42177
31165
39839
28719
37802
48606
9681
22000
3692
31373
32908
28983
48509
31664
42811
23662
10298
28918
14538
19398
40028
21021
46357
15696
28895
38918
6683
13140
32606
36760
13215
31431
44635
38682
8634
9175
43552
9437
38892
4924
31104
17394
17073
43858
22379
22401
12419
47194
24608
16260
24990
11223
2353
29486
5167
21061
30250
37334
1180
8364
43896
20789
17443
17067
30755
45722
3547
28507
1202
1541
42034
29938
16133
19891
8859
38538
27748
8093
28515
21410
9406
11903
13912
31099
48780
3001
10807
38291
49223
28046
16750
3667
31955
47641
36781
7611
30928
44882
43213
17047
5756
44887
48381
7200
19716
3479
11383
32227
18153
12496
46172
32508
24935
39817
9184
22313
48460
10974
10452
4408
45207
49492
8251
36410
22605
47086
444
33363
45635
14970
18991
37833
39106
19144
41996
44375
21932
1603
47849
37351
49970
44613
33185
19562
33151
47318
42287
7118
38267
23667
26795
22979
32375
5690
37096
47759
44986
5232
17663
49583
10661
20182
42272
20830
11193
41028
15058
1797
16863
24262
47785
48156
15336
926
6835
24166
1622
30327
19134
26946
20941
3740
25261
46999
22243
22257
47046
32058
40659
35940
19425
5437
20207
11883
49792
19841
4196
11311
15103
5443
15305
19292
35110
7436
19798
38718
49908
2189
22848
45755
42206
46573
27805
1659
2948
34699
28719
25181
20446
1818
20419
26765
22619
28717
36028
47023
1240
11370
9393
27601
27698
36669
21493
28657
24328
29655
31615
21691
33575
3533
48993
28852
44705
48867
21347
15144
3472
39132
45486
29095
24888
12490
44377
26126
30426
18683
39453
46627
23131
44520
29381
34783
21046
3984
14629
18536
7582
5543
22397
29176
48294
11389
8866
798
8509
7278
34093
8108
7648
40669
11186
27830
5525
37163
14057
41005
31288
9034
7608
11821
2941
21928
19575
14297
9112
47818
5270
13687
47318
9398
10468
17842
22243
3416
15318
25893
25478
44369
34580
10794
28060
24756
47862
13337
11208
21051
10089
1985
41022
2892
36430
13981
16101
38333
9263
33510
18249
10324
24357
49119
4780
18833
17841
35115
49425
12576
28876
32991
40131
14815
2715
14866
41816
45416
35858
21983
31282
4424
38665
16106
26348
12839
31249
24498
32129
35238
17387
592
13753
25770
36719
19058
34767
12409
3517
37567
1713
20152
359
21204
26477
26000
20691
11078
2228
37474
39982
28585
29958
24513
30035
674
35494
938
23590
41852
24663
14813
41407
46270
35568
32135
48900
38896
11149
25641
14516
38186
42894
21926
10679
49245
11804
6674
25406
38112
9026
28739
18506
24915
11552
26064
12517
28012
33609
17313
22597
44751
28550
46955
19907
44027
3883
12768
47641
40348
40311
48012
33583
33581
2855
4223
15587
4748
42507
3309
44479
7256
5683
29317
25609
40080
48731
45394
49074
32534
21786
36922
13002
21804
17572
23083
9748
42661
1415
48086
47871
13053
2403
36356
41432
45158
32485
6626
11826
36181
6674
48480
48223
25241
43349
6353
487
26667
43185
28068
5524
26737
36927
4461
45908
49778
46195
8818
29163
36431
31524
44728
32889
49645
22555
8786
36771
27362
14418
42575
24449
11690
31419
10084
24842
47008
22995
17648
17205
38224
22814
37299
15625
5494
41388
28834
20917
27517
13359
14684
41819
4403
7053
17048
3098
5980
38339
3070
1216
7241
15903
48297
48784
35056
37338
12293
30301
9377
29263
11278
11834
10268
8245
22192
47678
21161
24925
38815
46864
3323
49764
33555
11804
43352
3965
5886
22469
48125
634
37734
7145
12819
12594
10308
3739
5125
15554
8484
30463
27874
17826
12621
26341
16366
16414
30416
45198
38062
13777
21210
23089
30467
48175
38598
4830
3794
48408
31585
24537
35425
8579
8205
5473
48942
10571
46846
34024
4009
22850
4452
15798
40727
16357
27679
11269
15219
27228
41062
3233
16041
23066
5704
10757
34521
38401
24365
44017
45525
11503
27192
47744
7073
7458
43428
30880
42823
43765
40649
6708
34681
9576
7568
27575
13807
38533
22933
35099
31582
6150
11131
1564
38873
34192
13625
30895
7111
17643
2508
26827
42404
13956
42131
3662
18921
10145
24771
38823
35598
25015
21972
29690
38196
13534
26051
24590
45655
27280
27469
30935
14885
31049
26427
4623
31151
10374
34485
42140
28000
17354
24612
10398
49448
29297
28741
44117
46246
15368
29146
9313
8433
26658
48392
34128
12383
28419
9335
11678
5945
34810
5423
41051
48469
25904
41681
276
32215
32193
44039
23830
1652
7737
23376
48782
30002
8380
10960
10081
48197
9278
18691
9455
32960
19872
13019
29478
3315
9826
40092
19007
37051
10745
29851
8163
49401
48606
44543
47192
2828
16364
5573
33803
42824
2805
11139
25629
43362
11287
11058
5697
15545
6297
17610
38348
29857
10442
9075
1996
21902
49716
48302
17756
1632
19155
29880
1137
41393
32581
24599
10879
3109
40831
36651
44126
21509
17134
7127
32573
38355
20585
10060
35192
41905
18382
5149
20460
49176
35600
36358
47956
21411
12462
20813
8531
324
44738
4967
18013
30824
1977
15321
38290
27655
9452
12691
25124
7235
13903
40199
49694
6005
34671
6792
26846
48475
19921
12937
22038
33461
17980
9219
24977
7665
42387
37252
14886
10993
32235
32366
49828
3662
12758
35116
45383
20109
2450
24511
24155
42085
30425
16955
23633
10999
31607
5587
47963
48395
24364
6667
23664
49433
12029
17367
47518
1265
14685
14763
44385
17765
27482
6490
4190
11140
40045
39285
38549
6228
19392
30567
42960
1311
27162
19415
41208
34911
15403
30577
11997
1543
19516
22766
24946
16566
27004
11752
17654
40518
23319
29369
36569
39602
49365
21428
11017
192
24428
38333
8405
10414
18647
11032
13647
41595
18089
29110
35817
968
3386
19966
16654
31897
20323
42919
30695
35341
21335
21774
17095
39980
27880
127
23614
22951
38017
41529
9040
27050
18696
16803
32386
31274
47428
44206
31921
46512
37130
19808
15683
49241
22460
41815
39994
20081
9355
5130
44261
39374
35459
33921
39761
34341
36065
7801
35335
24170
6040
23950
22625
11967
35007
37126
32917
44743
31964
29254
22788
36101
34420
41605
4210
28030
6221
36233
15214
31633
28557
9522
15362
26185
47899
43675
30070
8056
1176
12699
36549
20666
41921
14201
2422
28089
46327
33160
28657
45055
34295
25269
14759
33717
33387
42377
31652
22158
39607
23711
34519
14158
27040
41579
36681
8300
23774
20287
43840
16432
36969
46645
9204
48826
17361
17988
43569
13154
49213
30102
1034
16983
31082
42784
21182
26541
7888
34331
34785
41913
22753
25976
7569
18569
20487
28171
33215
47412
7316
14104
40244
6815
20605
37541
30234
13100
3781
2813
47704
28140
20971
46383
24241
37159
34951
8321
902
19408
43684
28749
4874
7926
24967
43610
29422
28961
28487
42148
15726
34684
17895
19388
28878
25562
40131
18538
40749
12405
1838
48867
49811
11831
38503
6777
28615
12114
35549
2768
33223
35606
20205
27404
3274
33172
47880
42021
30084
8139
44481
46250
25704
23582
17756
20652
32503
38459
42742
31358
46876
36654
13819
27070
48698
16416
25274
42110
36088
3073
36567
34626
33521
40551
31351
20582
36119
9180
19836
45566
35153
2878
21782
2076
37959
13853
35586
965
27050
1213
464
44161
35757
33581
6317
37231
16226
41391
8999
20038
44119
40529
13408
17973
43184
5191
41548
18912
6549
26266
18069
13361
47885
4337
33065
24081
44426
28567
38000
6566
8821
34561
28383
26214
48305
5295
10509
22085
9793
48163
2753
12513
24529
24260
6038
46314
28950
25514
30234
47292
15443
21358
31661
11393
39272
26649
43858
30814
8119
27768
29136
4795
12040
15850
29300
30086
44770
23972
24375
2274
40118
31294
44978
2519
43614
27790
299
41764
48005
7412
8269
8418
33179
47378
26819
46474
44233
43642
49666
23374
23140
17898
11306
3304
6553
15176
15219
25211
12032
37890
3545
1839
40242
30443
45349
8679
4272
22913
46523
43883
30969
2676
18245
39566
19981
20261
489
2171
15229
12361
7675
29974
43898
41889
41561
38930
32341
4733
36474
35895
48311
8903
48516
12907
49256
47199
2825
22615
17177
8180
41108
37400
11449
12284
21853
14875
23089
2510
48305
38340
16511
35336
27191
8351
41821
26910
9196
14681
216
28320
24781
16510
48750
45317
22265
39560
41090
8576
8636
6721
9292
27977
47909
20700
32489
4737
23654
43270
47987
7306
4954
6041
37393
34187
33534
29852
18625
38292
19386
47531
10853
30307
44701
21007
45883
35765
18731
32120
11060
23939
49843
31477
16745
30477
41182
22161
8240
3452
10141
12806
12654
22423
27365
23139
18470
24548
42560
28819
16325
45645
7642
49400
7107
2784
26564
40888
42033
452
9817
31704
29508
22480
31579
20949
17366
2143
5333
20196
34376
15433
8087
18186
19903
29519
35292
29436
49627
16622
22337
37643
39687
20915
16642
5868
45802
41037
49337
22910
13026
84
36638
9172
43062
12741
5218
11481
21705
24844
12270
29443
7472
10655
8552
26727
38674
14247
44901
45701
22498
43797
42392
42555
28963
24107
21603
3553
22860
23856
26202
1338
20466
44833
12062
18590
28344
45715
24057
41098
49812
9244
10251
36631
22892
36514
6454
38851
11446
3613
47009
34600
29510
31108
4566
31588
16688
43034
35348
29681
27570
21588
32024
30071
39756
43853
14740
24055
46110
36637
6531
12660
44304
24426
45619
49274
8938
46384
23329
39611
49907
47982
23266
41134
25406
18448
12084
3676
16206
39696
34578
38131
21112
4302
4633
368
18318
14968
40649
14077
39425
41984
27014
20960
44476
10927
20524
20644
9398
44257
9610
20561
44556
21992
5708
27337
4764
1946
30192
22373
19048
46731
16080
5917
17680
7470
49126
20393
44893
26503
28642
30657
44510
38126
12392
22264
6423
15427
29399
8168
625
36226
32526
6182
19402
32679
16899
1964
21097
41786
11977
9288
40279
17101
31672
19493
755
45410
20347
31003
16075
27828
48621
8153
36001
19383
49470
36608
6048
37450
11534
37918
21322
3089
43728
18216
1973
45205
2825
12165
36527
10729
1744
8940
497
49166
36776
4665
6261
41630
161
26281
34689
32756
49569
40922
32282
26059
7355
28783
874
46551
43521
32610
45835
22912
46337
38949
20225
34329
46713
14024
40053
39500
38191
7738
45495
32803
36966
29175
7517
17094
12438
7061
21912
28192
4424
12715
15207
35845
17665
12781
24834
15578
3678
39579
11011
40362
31212
34293
45819
14569
47463
23201
1334
5403
29283
39772
31139
42648
12755
16426
15083
37802
34737
24052
669
15058
11357
40666
17370
15944
42318
15081
10677
26822
20325
12935
47035
36967
12798
15989
36051
23295
15493
15642
47492
23506
9849
6494
27737
5246
44604
31687
10872
20172
48145
34673
17893
29992
15891
17175
47465
44856
17510
4047
37549
48144
35038
5108
14656
25518
13601
42172
17282
40927
20923
4751
37887
592
45127
32273
33652
7371
37603
46108
31997
3817
31419
37619
41353
13819
23484
26367
8625
1673
4554
2584
24999
46471
9720
17409
12183
29358
27
17646
23112
5194
1143
39863
21533
15999
2499
4605
47633
22776
28756
1317
42585
49328
6920
47933
4793
28867
43746
5618
10139
27997
684
40650
42137
40956
14745
20389
2926
20320
49254
41645
44684
2943
48672
28015
11473
20707
12541
47439
40753
30945
2766
47124
38350
11293
68
27552
42854
36648
25130
24624
47105
26597
17000
47507
18980
34094
3118
43208
25032
6837
21054
35762
32280
23368
31326
27942
42338
4717
28728
42295
23836
5475
44936
25002
39531
25899
43933
15396
33287
12322
5653
7868
41855
21631
32323
23058
47332
38778
19972
3198
21277
5690
33570
43104
36149
330
23598
29407
36752
10977
567
4339
9695
32695
44077
27624
32535
34339
25459
10115
20811
34580
20951
15753
32680
22567
39338
37217
11816
18335
27023
26687
41354
5975
14425
1611
45586
28883
18193
13174
23218
150
34836
9546
24875
8920
31515
918
88
9713
49971
43599
19729
30298
13807
16708
44129
26827
59
12676
8240
26103
49328
39328
4678
6254
13768
41450
22714
49572
37414
36854
49196
41662
4625
46847
33522
9211
45767
21419
46330
6128
46118
14114
30534
29999
32010
19051
101
4519
37947
39595
27117
27372
18657
22029
3053
33401
33564
5462
3735
27654
7713
10680
43446
31024
2847
47960
49885
46880
39764
12362
2320
11973
36588
49074
2386
13139
16741
34712
12780
27562
36390
36846
3510
19744
20711
45398
40883
13255
26555
26490
11193
11720
26304
4456
7250
13271
29658
10596
11111
16178
1261
25842
30233
12575
26044
10838
11177
32798
43231
49664
17475
1157
45447
41374
9684
45762
44328
31173
2850
27708
37583
1120
25354
22106
30418
14167
3163
45080
24516
19712
31350
38896
31067
49260
29562
12722
16611
41973
42713
5636
4319
10366
19836
38901
1336
24715
40010
29869
33687
35642
31864
34502
138
5025
28782
16345
44678
22236
17316
38426
20931
31262
30891
19509
31359
30894
45136
17596
38909
6867
4821
26606
6233
5577
5502
11818
20499
1420
43734
49124
34799
10290
8875
15687
10544
12560
45069
40779
43205
20898
30909
27986
15442
27893
28010
22120
37862
39214
6819
9445
15498
24588
13710
30412
40031
45143
47395
11189
22777
9067
18796
12452
21215
7042
47114
24271
6321
9842
12108
40353
28078
24924
31639
44520
37760
10059
44090
3486
10230
46262
47671
45127
6371
34868
18423
25979
47319
16990
29016
15708
27760
41732
5938
16648
45164
44022
35509
44002
44784
18626
46117
9845
49768
44843
48774
23780
45069
45384
48839
8575
875
10755
43184
23813
40813
8555
20670
2157
598
36736
3529
2164
3097
46742
33974
30414
6224
2131
19036
25224
38848
29082
18188
21379
2972
46043
16664
32105
14997
11515
7310
34611
38574
24539
48433
1549
9403
41001
26026
25264
7472
18541
27293
22137
39641
37302
30063
23331
23635
16488
38463
44195
28702
168
27473
39661
7022
1647
34954
48278
43100
32727
11402
44949
34324
27392
22693
24964
4751
7988
34191
37716
29599
16538
22013
25100
4594
20011
1545
42541
40572
40531
42199
30202
11883
17453
23617
36293
4900
13699
36791
22682
2782
41833
8811
40160
6238
29329
3691
46166
32976
27788
19370
17166
19037
16733
8810
4757
43627
10852
18489
32571
21214
16720
37768
12549
47237
31085
41416
15999
43426
41460
31848
43703
454
13349
30638
11313
38009
4256
42961
43623
9133
3298
27481
18506
372
3058
35975
8994
319
27358
25690
15284
48755
29849
17050
48100
5850
47384
12505
4520
37001
42093
36841
47612
34117
42198
5176
32174
41568
26127
47501
1329
24829
25705
24388
36308
18966
46726
44885
36059
47430
32836
5956
18307
11652
28652
13351
18378
24164
7662
16388
43072
48192
25133
24471
16113
44231
47170
36177
25012
1380
3000
7400
30914
38474
22300
11281
27308
25290
49616
39558
30084
26108
15316
24987
3696
35065
34081
9760
15242
35396
32494
15441
32387
21949
35021
5159
42387
8932
48416
46470
41630
37565
44543
13768
24474
11848
42921
47732
49505
12569
28597
40228
37912
18138
14865
44319
47031
25278
45689
34783
1569
29371
33214
37399
13214
43563
2582
46578
41854
1055
16521
10004
42459
4949
9174
19709
31820
17153
22295
27274
15538
17654
1316
35105
22311
3526
18595
1664
41162
8706
41997
38458
37772
49992
468
9138
22805
28104
28936
12431
31736
42527
29837
11766
40823
29837
19532
18597
43530
37278
25438
41693
33930
29259
41079
48831
10468
35415
30745
17209
32016
20102
5820
29202
34358
4037
45729
9661
19370
21369
4807
26865
44753
48840
42547
27457
46350
9716
31696
46194
18824
26699
46715
24509
45805
7237
14929
43373
36693
4630
8968
20241
19477
21227
15404
35195
35058
13927
31261
17183
5864
39702
1890
49725
42713
2316
25174
21818
26766
10433
27283
46021
11309
41779
4389
40137
35871
9952
11200
39147
45059
44046
48877
17112
1275
22060
24777
12569
10209
3410
18361
1300
41114
42107
19112
22317
33360
45272
6576
38165
5866
44543
30153
34628
48996
2484
39628
16022
49332
3089
23825
8536
898
27020
33581
45074
42463
13379
21016
45727
31216
26155
300
22018
37161
5644
41110
4592
40943
47932
49376
30567
44942
41287
17508
2540
39002
1634
48011
32845
40275
25717
37320
45725
39667
22206
46522
21372
33220
22534
7512
35715
47684
31045
15282
26223
29418
19599
37295
15818
4613
16216
18135
42575
306
6565
18575
10433
34594
8155
19061
14693
36687
45669
42838
32436
1178
14329
32964
29055
45755
40205
36956
12330
4019
26046
8566
49918
40053
39012
25233
48892
23431
16642
7446
14578
34301
15523
47981
36752
25181
19442
21375
16587
5837
41168
49700
11509
16039
13205
4922
10195
47350
25309
26954
15345
35879
20028
41221
22361
28070
49989
2034
11607
10119
37943
36611
5248
3269
40978
16277
14403
21609
49501
5427
16205
6278
36855
21613
23956
15792
27814
2058
10788
28852
9117
21247
22837
3811
19875
39794
13427
530
27624
33635
18009
8043
29499
22661
15809
9814
32831
9218
13193
27205
27300
32400
4946
28294
14197
41970
34245
47212
42676
37991
8618
23263
38675
46198
41133
31296
20525
9871
41142
16988
20946
25216
17086
32638
7703
23970
8108
48563
47403
40828
17892
49662
45887
32811
19822
16993
39280
35464
5125
16523
30945
46910
5825
23016
6118
44967
28403
1444
20089
28826
7570
4858
34341
47039
39126
42987
20559
31163
40005
39050
42962
22740
11351
1328
21554
27462
43382
34734
18881
48214
15474
35439
43903
44019
39595
48496
3594
40087
15581
24634
26401
8330
28598
1412
29237
6572
21494
37527
38167
17
1535
35628
40869
31999
38384
917
9193
25010
22207
42353
45325
21431
49022
11850
19941
9621
38654
20724
29775
16868
3745
48803
22704
42044
42516
5692
43559
40936
1019
11420
32205
34509
41552
11935
9867
9832
910
9402
14139
19141
43253
25024
15077
20856
40053
1778
24600
38388
17806
4753
42064
24877
39265
46122
33973
14166
34922
15537
37897
13691
31375
24495
7731
48653
18045
40279
43511
14198
11743
22446
25941
36058
49375
44033
4770
42940
24082
10258
42365
10524
48975
22185
23446
21136
24104
28593
6755
24979
1117
30991
3216
43986
9990
41712
43315
15768
8613
41654
40130
9924
35296
11624
1013
29339
26206
29566
39210
48037
42909
13018
10423
9399
22112
26182
15792
25270
2399
4804
25817
28352
15482
13381
15556
40082
19486
21106
49727
39177
27035
24963
24580
31104
47108
12073
16578
37480
41844
23842
3560
6305
19034
39391
30930
44269
5729
24406
14573
27366
13541
47541
37799
30532
23670
34356
6003
7028
7593
33370
47680
4539
733
23280
28532
10819
4259
17785
37386
8548
34054
28903
16954
36553
24910
4403
5728
43512
48886
43075
9007
17106
44128
6128
5703
9744
46822
2812
6191
20174
32302
31329
32174
47442
27050
32756
2911
5028
6898
21099
8530
16734
20232
4816
6143
29201
43477
39355
42561
3325
3961
3850
26127
11780
460
26710
17915
4702
17978
20150
30171
7004
31345
27643
48831
48893
13237
38901
10054
6182
3823
11775
18980
6055
49928
42184
43052
38209
14449
13812
18358
29954
25878
44494
24927
49196
3229
24634
31923
44497
47155
16100
21584
40783
5963
30259
26151
49793
9456
26660
10277
16669
1358
41821
46937
2713
4235
48265
38005
22312
2928
41190
17098
44246
28794
44975
19599
14916
2901
21284
6228
49360
18438
49622
7420
10660
13109
27527
21777
15852
29348
42703
7020
35663
46021
18769
35935
44137
26820
9238
430
45696
15380
42454
45106
33369
22711
11748
38077
45970
12229
44180
48096
15393
44099
22733
29409
40997
23472
26312
6046
38428
24303
25444
49464
3254
15660
25373
42055
11012
20160
31127
35852
4931
16070
48835
18783
14034
26475
5664
28884
42608
31162
1592
6975
11092
4316
48565
22995
31515
30836
37478
11494
41042
38816
31100
23190
11672
22261
17578
37535
18114
25776
9697
24562
27823
40843
23449
36730
27196
37384
25610
44533
20006
22378
10684
16148
33642
13906
19994
36365
27905
19977
36307
36921
47236
42710
1755
17725
31731
14927
29394
42826
9450
11126
37850
27594
27468
18295
35432
24446
33531
18971
35780
18797
37631
11321
41986
4191
36586
48607
37997
3098
38850
3910
21278
17927
13362
35057
39944
16706
11296
3370
33066
23993
8843
9891
49712
4568
514
3011
16647
13889
14548
27710
23837
15704
9246
20274
19007
15647
28996
37444
7444
49947
46082
13462
9047
49267
6950
14666
9535
20732
4365
34029
15263
38337
41209
12697
32182
24107
36536
13780
45655
11533
49465
12949
40302
36664
17381
16358
48559
36870
41406
15363
22049
45385
31004
13040
28716
23932
31652
32530
2197
8995
44177
35338
25589
43467
46381
33940
19662
21283
30204
10823
17295
4101
29509
23158
10189
17655
47167
4361
38800
26612
6459
30578
45030
25479
2785
12961
37742
19936
43712
31667
23327
48242
20137
30796
26360
40774
6276
16799
21463
29595
43365
9121
24423
24177
46174
1067
15372
18626
13371
38293
16187
22531
24858
32105
1017
34163
17961
36897
36442
49334
30858
10931
1576
47177
22010
34902
5663
45846
33778
46016
5666
47545
35733
385
25986
29559
40627
32043
31884
20401
30908
32230
12128
7288
45966
34359
18382
27824
32694
42347
47174
34393
7114
32379
27874
780
46613
14447
10697
26818
24031
14720
535
10999
5844
38962
48067
8468
43357
28860
3050
42772
12181
13524
30336
8040
44359
1902
8265
6533
39394
28961
45381
2353
32843
27734
32839
23106
26850
28799
40823
49349
22776
47240
11983
16022
12305
23751
110
14201
28097
29178
48666
19567
19966
44110
6368
18394
3387
37098
4634
49773
10220
46136
30925
26093
28383
20660
30817
1303
48301
35062
11076
45284
37104
7470
19165
7679
23428
14228
20661
23039
46700
46574
9354
41025
17455
46217
22584
38217
20417
28584
42298
5342
49884
43874
28460
6914
5180
38134
36217
3922
33925
22794
40696
28269
39006
26481
21750
29143
34368
10371
26096
24343
27791
38781
24114
29718
14497
6275
37652
44624
2516
36978
672
35408
44861
20164
41480
17939
20407
13897
37724
48238
49957
32042
44440
42258
23076
14996
17536
20456
16808
15340
31091
47475
26343
49736
28235
549
25538
27978
40776
11215
1817
27397
20036
39946
34943
44249
49775
41974
42665
39129
25200
47366
11696
25448
23264
43243
32007
6312
8250
49486
34299
11962
2474
30151
48182
18588
17829
45463
13993
24831
44793
7878
18531
24618
7885
32029
32635
28327
1223
38883
26993
7278
20793
34278
25276
716
12107
2158
48982
23218
47451
47809
29933
39357
47103
31678
40118
424
12532
46456
1291
47824
25254
45584
32754
43039
9463
46018
45845
30038
43029
37902
9613
23765
29889
4142
39338
32058
16779
26780
961
47746
47288
19393
9192
49735
9852
47156
41465
42225
6994
18778
4965
1016
49822
2706
16003
34002
5684
27038
37277
8894
11241
5386
40404
34523
34894
44350
18066
19248
35906
10359
3550
22966
25730
28079
38397
26531
39383
41923
37168
8350
9843
1856
23698
3489
47742
26356
34729
49106
40405
19132
13404
28428
44789
29814
34498
38532
23001
39373
36565
45830
37949
32384
35136
45484
9611
39538
45432
14335
26967
41944
37975
14716
34492
6249
47419
660
5201
44084
48957
8240
29272
16571
43195
18826
32166
11624
48616
23059
34534
13557
16460
49349
1049
13846
37895
35578
17861
35130
13031
47919
36774
14222
45327
23773
20473
33577
23790
33296
36907
2929
34665
33691
22802
49925
37061
43241
40923
32261
32229
13779
47777
31005
40603
36877
2269
46659
16240
26935
28148
40930
6895
30474
39703
29026
48335
24217
3991
49175
462
31915
46076
38238
21231
38459
6300
21026
46028
42571
35327
19691
25791
45192
35457
16999
39383
10333
45644
34631
6042
8021
32801
31768
3695
22799
1793
45334
13356
6306
11173
48686
32060
14201
4561
13783
46444
30697
5117
37810
25234
33192
40785
40407
1749
12916
45642
1238
34361
43420
20917
22937
20200
45980
11944
45455
4423
23172
32638
32930
20922
3989
787
2222
29479
1010
45601
43914
28227
32760
12832
46946
35742
14545
6427
9742
42701
13484
25075
24270
30339
49231
33707
13538
40744
12068
31434
8265
24857
4733
974
33678
30077
47942
11140
13947
1213
781
11296
38176
2074
25207
20484
24266
28047
4602
29949
17259
5557
26968
7605
23215
21114
42223
25665
29988
37519
42313
12737
13307
6818
28485
27600
9444
30295
2745
2077
30063
36220
25878
19389
1717
16713
43500
36304
24058
49823
10412
656
7146
30263
2336
16578
2111
40521
22886
17881
13414
8464
38215
18510
33858
23982
38731
16217
17091
47357
35818
8496
38157
33449
3073
15172
22399
44184
28965
34341
3813
21386
25
20437
30187
21514
5163
46913
11781
48039
4270
49317
39146
6775
6726
34854
24736
19486
41446
47992
19871
37587
48989
1937
711
47986
21733
49535
8428
1629
36639
22972
48154
29130
35772
27456
21820
2796
14027
46916
38017
2947
30199
39223
29715
10777
14229
9566
2412
9923
16328
32609
10077
36252
20885
6915
4703
32987
5816
13678
21920
32292
20220
49325
17395
28088
37372
33617
5699
8523
48899
39821
20803
1228
37069
18939
28273
26231
41176
6964
23943
251
27162
19594
38926
48440
39855
9168
20227
27147
239
38102
35501
25865
43778
27326
7792
31159
48620
244
9617
8005
18541
46957
45418
6752
4823
29559
19597
47521
20958
4621
36341
31729
42158
44607
463
443
8663
10171
4158
27911
639
32295
11324
48522
37124
42495
41595
22047
4377
35912
34902
10712
20797
37868
42050
24675
37916
23084
39324
23588
16045
36118
48094
16776
48882
45829
29749
13520
29973
39287
41758
38298
36405
43124
2027
26234
35304
20511
41993
45459
3721
2323
37177
26886
36437
28321
43105
5858
40143
42401
30657
47135
23997
5867
10076
43564
2219
44448
7877
29383
47204
49562
214
29357
3029
20660
46080
27860
34372
12441
12057
25208
6859
19242
9299
21454
19239
29377
39760
25052
12710
26264
7113
35776
45298
48021
18532
36933
38348
26196
40806
38275
26449
19853
8590
46060
22585
38597
15714
10601
34862
46956
11533
29776
7188
41156
31791
32218
12304
9050
38379
29998
15270
46325
25782
22737
35836
41927
11760
27959
33490
26700
3215
11042
37434
27121
43121
8987
3611
35751
28833
41121
9809
21588
27227
37834
21024
6144
23247
47087
6467
15638
215
9994
16714
24145
44683
10423
45338
6447
44347
38082
30138
7082
21016
47876
44409
19239
23188
534
14034
2670
22135
30132
14639
278
3166
45891
39600
24031
42649
43837
27170
16326
21980
24314
23196
21631
44465
43973
12572
12723
15350
11384
6267
23056
18780
24156
39816
3572
27063
24827
16808
15531
8381
28611
17064
44394
14695
8707
37983
32804
48180
15033
39440
13852
39725
7786
49056
8013
17037
6889
1227
15746
24575
11547
47420
44983
7170
19555
44225
49406
29697
48571
8721
16480
807
12752
3848
43771
13084
23378
39006
33041
3118
47548
33728
40520
3640
7206
25379
35971
18258
7514
40742
29690
32104
44379
48858
18921
35522
49667
967
38139
393
7792
16767
30436
11080
40234
3985
44467
33792
15574
30821
44105
6539
38640
27450
31526
15438
12840
9498
19077
26679
29815
2565
4291
8265
17518
36115
20752
2103
26004
44866
10918
23546
25492
35957
802
1700
47559
15332
24435
22644
14208
32607
5447
9163
26254
15560
38818
13439
44660
42303
39935
23386
11665
449
25965
17161
21390
14009
38964
47438
33182
40171
42418
7207
13968
45315
37410
1506
14486
15169
21653
35481
44133
31290
34607
5097
38011
32804
30421
24358
15432
3105
34439
33157
1923
12982
46949
2580
7416
10903
12872
35147
11747
13122
34593
19546
9594
13651
43926
12662
1955
4047
26973
17566
29455
22641
27414
42543
42827
14486
40310
37813
16186
37462
22554
20614
16628
20098
32228
20860
11167
38594
40568
7684
4396
19239
36604
17038
33044
18270
46720
40526
49439
22416
34703
2429
5848
9598
12534
5623
20533
40412
21303
2647
19144
44108
21147
10825
2274
45386
21092
24868
7393
30990
44346
24137
41627
30883
47196
46861
37827
6788
24927
6850
11603
45993
28983
34425
39048
35881
14426
18570
31218
23095
26184
21952
37152
10009
39557
13480
45230
34445
40977
10352
418
33809
20923
29045
1231
1819
25750
47193
28780
20389
3175
10584
11937
19972
26693
5581
46699
39808
25091
27082
14602
32809
42340
31451
12707
20456
43306
7745
17765
42089
4245
31470
20343
23268
45339
44886
37624
6404
31551
21282
25207
30682
37897
24607
39096
4687
41994
10136
49615
35574
34915
33843
4935
11611
26246
16259
35083
3005
938
9495
32634
40114
16473
12326
10504
12438
5432
46278
49393
42426
24741
36076
1549
28772
24100
23203
47303
31611
4025
41584
47525
10433
3512
25029
3304
10340
3757
4822
46477
7528
14512
47523
5373
28131
871
15655
46949
14979
26351
7313
12646
13958
29748
25470
25978
3792
25433
3555
46981
4971
10729
9511
31208
20623
24653
38096
41146
32102
32564
33693
39237
34733
44006
4957
9242
47437
3087
44791
915
6899
3345
26169
45804
3485
21742
16754
8321
37989
43647
47367
5446
40709
37014
35716
44675
29993
45717
6620
3979
40421
17284
46264
28507
47383
13344
83
42671
47300
1211
46767
10609
24041
11589
2055
11194
20967
48991
20180
6680
48436
19327
35651
48781
20155
47931
35424
40320
39429
41289
29349
32026
11300
21197
31647
11261
6991
17859
18554
7984
32632
10787
46911
8834
14230
27137
38187
7396
19693
37406
43970
7534
34291
3801
39938
26418
5573
14046
14584
41171
27349
22234
49354
8432
30037
24506
11450
24930
37631
2801
30637
3691
9355
43123
30867
46527
21652
30489
42292
5290
11505
25070
26831
30862
35648
43583
1710
48800
10331
46719
28381
846
25067
18698
35030
36256
42492
11197
32413
9686
3623
15520
32001
4480
47904
10235
4613
27252
37060
3638
10427
45308
2374
17753
12088
9613
21679
41613
16895
9410
17303
11588
25046
33629
6698
34232
10212
449
36395
30035
13918
2821
5636
764
18056
23258
9143
23349
40088
7371
23684
37577
46477
23418
42645
41645
16886
30467
23361
34827
45457
966
17634
17878
15742
45689
32372
25707
22519
34102
25820
21632
5213
49450
27353
5897
45970
30643
20911
7094
40147
24410
10559
16380
47064
29085
36930
32039
11297
26369
39681
47461
4202
5274
6596
6779
49843
4857
49730
8840
5380
25910
49262
5511
44828
11626
20302
21245
4984
35911
45067
34469
11588
24498
30850
16237
41619
47497
16067
32254
43612
29753
20605
3869
37777
8104
2018
23623
26272
45219
9324
36897
41001
42838
40700
17944
44422
20758
39862
47558
12161
38910
15783
34637
10031
47692
4715
37991
20912
848
47551
48492
3354
11607
44941
14024
34576
6515
40299
39515
37795
33583
16808
12213
26123
9068
9175
49535
19661
49302
4765
43920
24653
12929
33605
6604
46180
37872
9215
32517
27707
15211
12117
19867
37261
14233
17604
11413
45223
16177
19418
28460
28226
9036
8902
49320
40877
6864
2714
35733
23278
26778
41952
39177
5990
20173
29630
19822
43910
39246
34149
43557
10433
20578
11322
16231
37747
47180
43260
49044
19111
47133
20430
37094
36436
10854
6814
39473
4867
25012
14144
48994
25476
39309
15971
42910
33725
4489
58
25738
35430
27812
32034
489
42425
48260
7866
37105
38131
26546
2359
10177
26547
13279
6456
2273
29449
34743
19677
24711
16315
7784
25560
12539
49218
29575
16583
25367
5273
38326
38467
19449
16997
41895
9981
35583
48540
15183
15024
17438
37072
7138
16811
48360
36936
24658
47052
4913
30637
12462
31833
9127
22215
4121
33304
35152
21060
45114
17570
6091
26079
44634
21159
48128
16823
16191
43056
31379
33548
44202
13391
5472
12690
22775
45810
40096
815
40032
32262
29653
18382
46517
22174
23708
41975
12675
17799
49790
6135
35538
35932
11012
40338
38519
45780
49094
9902
5351
18751
14384
27678
13988
6117
48890
30180
40126
10506
36106
22318
13877
14932
36162
32498
17722
17453
26737
49151
31346
31309
5494
21637
2698
42351
40833
35563
33730
49379
38979
17613
15505
41326
43421
22450
46335
29227
35599
31056
40240
45238
4001
1260
35037
31318
35283
27297
16194
48633
282
46506
13093
24260
19154
4303
36972
1345
38820
7253
31625
10244
47575
31132
46009
26628
42047
15614
16926
25707
15482
3194
32502
48764
14974
17702
28328
1480
35651
42651
37957
416
39990
30446
13385
47813
43250
18694
21309
4423
42508
21664
42608
46422
9880
7677
8873
46553
48037
7994
27459
41250
31983
1377
21528
35482
2353
23843
28377
15199
30314
18705
43086
20179
2941
41539
39341
26762
14410
14577
3332
33827
45995
42388
2787
30909
20431
33976
23535
25039
34781
388
23951
19958
47695
24305
18923
35664
44125
12658
21531
9689
41042
18527
20842
42226
40388
24640
7045
49327
19145
47223
18274
8618
43545
16651
15031
32902
129
36517
26317
221
45673
33472
14992
11314
20415
31741
26367
16777
49557
13951
30076
20957
40834
20427
42150
45647
47907
42380
14808
23667
42327
31265
39751
8582
20436
33826
18551
13113
27889
27665
48390
42816
15443
920
10461
31238
32321
15989
29308
8017
49487
27445
31576
38011
9842
32164
11069
18649
14627
32257
2282
22553
5288
23030
49937
44040
36144
1830
38057
21576
6860
14947
211
9670
17447
29339
20820
31653
19119
33536
35912
31900
23784
2806
34427
16476
14978
10111
31473
27121
13337
46027
17792
38959
40999
24700
6603
29796
6812
30216
11145
28914
19054
21529
29426
48187
41203
15540
41831
32445
9078
39661
24532
48509
179
4202
5225
38500
9956
42636
16461
32770
42838
37435
25839
28146
44884
46391
36339
45739
48676
10804
13587
15344
45867
8917
40215
22705
39327
44469
3571
28684
35554
40886
27590
43192
49479
24132
12457
2001
30969
43332
4180
33785
11038
38082
5790
2075
8979
8148
34561
3697
15597
38269
33818
49117
15370
38059
40831
7875
49044
33221
19210
22649
23161
1197
31708
9262
3438
4072
49393
31461
12151
20066
48348
13179
21759
18343
6114
47634
12103
39912
6125
28873
22384
19072
35913
26737
15271
16852
3959
19166
19089
6421
31844
7047
7513
18349
10993
42381
2663
47486
32501
34402
2216
21203
12193
34924
45064
46343
41730
26328
29251
42262
18525
14888
34149
35301
9504
23132
22317
37771
47244
47075
2894
16870
32409
25397
39489
2703
6789
32108
36315
26494
10111
48550
6877
19009
21112
16191
23685
30726
27937
8756
13992
34348
46955
3741
43166
43660
15460
12886
7483
4507
2771
17106
39174
21937
9966
21042
36402
27924
41922
31074
23524
49059
21482
3392
16172
15973
37764
16471
15782
34898
9603
12681
23948
30158
38796
40659
38428
8531
4301
8133
21180
21363
5580
6733
9332
35458
20133
27907
6723
17059
49351
42012
20219
11257
44131
15981
12683
29027
45084
11755
46598
12950
25450
7863
18890
7427
33623
2922
5889
30011
41004
19693
41463
24314
42413
36143
39740
45582
25134
12618
43883
9910
3811
41916
41407
19741
9718
571
41555
36547
10439
45367
32749
20964
23802
13349
9882
9119
23933
48284
24481
7185
18656
34587
13004
48579
11587
20501
48906
44307
47136
44169
45991
36637
40578
8580
16480
47264
41326
11129
3923
31400
37265
39909
29116
2224
18271
4854
19691
23687
12125
30528
43292
12177
9206
4778
47890
22518
35080
18765
19630
38491
495
14007
29587
41524
5954
33991
10197
48127
47983
37146
47651
25336
926
14052
33204
4772
43992
38152
16022
39253
17439
21984
19260
41651
41861
43408
33313
26504
38217
26562
5284
36482
3436
1946
49084
15265
27462
6727
3505
4026
27098
28276
11586
23213
22863
36150
36847
35586
21585
10372
30940
2080
20543
26791
893
1226
13007
35048
23272
43689
30960
17826
3145
26757
38752
20375
30189
11929
48844
44231
31909
7291
34034
40323
28824
20080
28091
47129
4913
35875
22148
3203
39233
34229
20672
43835
16633
9515
19601
19819
271
3953
8227
45038
23522
702
27399
28013
25356
47827
21789
40138
11234
43670
20859
31995
15216
41707
14772
1921
5911
44688
41067
6606
1058
22089
36053
24814
17687
40002
8322
1083
31062
40876
1612
9847
8204
26322
25815
7175
1704
2803
30321
23515
4171
9059
10326
26702
35425
35847
1074
41007
36518
32621
19623
3831
35685
5822
31394
1878
48675
35148
5750
35835
12369
45275
46241
18147
2095
21541
11963
40412
20033
8003
31538
47936
47022
47351
34105
18161
26821
5507
31972
29261
34220
9803
40400
31558
37559
24496
36384
40146
4105
38482
10750
41772
24114
34854
47655
11057
38927
34256
19695
16235
24536
19752
48245
3067
41908
1007
28947
19951
29381
24362
20552
4039
21955
46189
27795
6158
2140
5576
38317
12763
28473
21406
43785
18089
6026
3290
38558
2924
1420
35673
49784
21425
24908
11808
42135
10704
16722
20515
29617
8971
20700
44826
14202
11120
11381
25528
18421
18052
1490
15063
38579
49268
34964
14659
36462
13406
39526
43280
12660
34537
7496
26119
41140
42836
12420
14794
15702
34023
31236
38316
2427
2172
19797
2740
40395
16565
12983
45622
37186
26848
48599
35833
21354
7289
10243
43863
44534
49109
4976
14253
41958
41295
42250
18027
15024
34017
19762
351
39448
16668
431
29774
37581
14481
49011
23607
8636
32135
2676
44616
11734
6281
13301
37314
32070
29736
21013
18554
10787
12377
34903
25035
34817
30146
27928
5361
5088
17425
24979
31860
5747
20839
12999
4183
22772
49085
46149
23250
30032
22641
37455
24069
17950
30695
40870
25100
18493
564
38215
45168
13902
49900
1016
38894
7986
39115
45220
11196
35528
43697
48164
41811
37367
14163
39712
8306
47311
22740
12422
21725
1902
47591
45983
14554
8199
16613
36004
12846
13375
5764
27295
15305
46492
39951
25628
12380
6079
6806
2913
26699
34394
14965
19412
40293
38244
27031
48975
5017
43092
17654
47059
14367
41476
15297
11041
12727
9622
5656
43167
48742
25523
9220
44112
29815
48086
13767
25306
23768
34052
30543
18704
39952
6109
38788
16455
16804
34068
42883
4107
44117
29980
5202
43976
913
791
3911
27149
44038
41727
40241
42797
24302
20547
16856
7284
32992
1511
27206
28682
14378
46410
49804
41410
46383
45904
29217
6176
30066
40253
41633
42583
42096
40398
48951
23586
3913
30425
18570
46034
6214
45434
5229
7903
2512
42433
35428
48769
17117
10961
47075
29893
49607
42430
35070
1603
33293
1301
21059
49926
33195
7732
2233
23422
38741
1662
37481
21885
14350
7558
44206
46483
13641
16952
8418
39740
28441
9422
9991
43947
31551
11934
37003
31939
44889
5245
10926
39667
16032
14506
28503
11255
47153
12881
4749
2581
43258
43228
45824
40028
18369
33594
26448
37837
46430
17532
7713
49498
46696
36414
47866
32677
14764
32185
8992
5512
46861
689
31172
4728
24907
39253
1475
33233
44151
10974
36627
21077
42071
23848
43455
41759
39337
5667
41937
31972
45376
12588
5475
42202
44983
4086
17445
23395
22081
22650
47100
8915
47591
20189
42805
37814
7872
13894
34836
17738
13768
17571
5534
41131
11875
41849
20478
28317
37516
4737
24287
13795
572
7497
32652
8923
10357
30711
3854
33692
33111
33252
28277
21229
21577
28816
14615
20342
1453
24636
37814
3457
3293
4912
15922
33628
35970
40674
36401
26995
32094
18118
32907
45539
29689
10000
2351
19968
10464
26162
2801
13697
6658
6493
29192
45630
23758
23481
17410
30881
20318
44974
47005
2800
11199
13412
33792
20411
23658
14546
4146
35931
48800
14309
44219
16249
39409
10474
23821
36694
18564
34593
17866
12366
23537
31907
10034
46423
3117
16610
14334
41107
28396
36670
49629
35224
732
5158
2659
16300
10932
78
14296
17490
30280
14496
32322
28441
41780
35733
20893
20587
42505
2151
9524
12084
15760
41336
43288
32328
23838
9512
33005
43590
30529
43866
49851
25195
41884
11368
13597
27622
41566
48587
10880
25108
48830
30704
30315
9861
41145
49432
10439
24029
10203
3272
32007
41256
36125
25492
2034
48204
47738
5731
31058
40440
5808
33677
29754
42583
49416
11203
31521
35867
21634
17571
37596
40378
31563
37823
23333
49178
18898
19386
14422
25286
21814
13147
1406
10297
37120
32097
38091
17413
25939
17149
27833
41613
49037
44473
2168
37990
46230
22418
13423
9105
30138
47548
35311
14431
34203
136
10889
1198
7895
46825
29530
2786
9600
40849
391
32116
33019
14906
47512
24883
5830
10156
44266
14713
14773
12034
21927
23468
24495
47805
31913
35662
45405
43289
39272
612
42123
45571
25585
46212
8811
25995
22995
47656
35347
9202
45273
2726
20567
7232
2518
35779
22804
27675
106
15826
14177
34760
14881
28683
47500
4505
45270
12937
41948
26208
17093
15115
231
46936
36261
36601
17107
42361
9094
19787
40765
8571
3244
36024
26575
10784
46306
17840
42068
38149
48408
41636
43791
45922
18480
33349
32274
34604
26665
34513
45567
2634
27339
28909
22778
30377
1555
42189
41225
41615
19666
20744
48077
49820
27144
49225
49998
15672
27610
23421
41882
4524
44057
24946
19052
5153
11788
9454
29332
33981
16561
32315
16625
6405
11946
42883
44326
300
45190
49908
5364
6963
18006
27961
23151
39862
24389
12575
19718
5984
38071
6866
34857
49105
42556
26150
12630
12645
27659
37918
5276
26758
22646
23140
9196
40284
21951
36514
5324
30580
32805
9644
11964
10693
8397
37065
29008
4787
25668
32447
47631
4394
20619
32524
20725
10423
8670
12242
24215
1460
49384
12673
956
10405
4742
40203
9882
5332
38146
41749
1696
16131
8648
27095
42158
42927
28577
7909
35841
42325
14733
33820
22049
14704
41740
15896
47558
25551
8909
33543
46705
3155
20657
11578
35612
46848
6254
36972
10884
31999
28370
48326
25710
15360
42756
43184
13668
42620
36787
27336
26505
43540
17061
40948
4804
8302
28242
11298
48697
21313
44202
5635
35869
49430
39340
24015
6265
48879
47782
14531
25222
14191
26059
24985
32537
26164
18536
21195
40231
8460
10999
37525
43150
40279
39028
12575
33164
33734
5966
7846
5094
1625
22777
25827
37868
41822
12234
19262
44904
48091
23258
7926
47865
16379
28345
46160
48291
3349
46363
21480
3231
24363
23249
39424
10235
47519
19689
19170
9795
3536
6119
19803
44828
29617
22454
47319
297
24874
34169
17151
44117
28999
27753
16913
28878
36802
15434
835
24009
19630
10300
6827
5727
34692
16765
5411
44052
34076
24802
39353
16620
2394
6825
28709
34095
32377
11981
13366
43463
25737
30335
17553
3111
27342
23514
32505
25342
6108
28122
21198
32101
46254
24161
41092
3340
18098
36803
13828
11584
12536
27353
30100
19791
17860
18616
27218
27637
26988
25992
33076
43045
34689
44013
41982
37723
8349
25285
27816
4855
46
20358
25348
48691
19320
12410
3701
15430
14200
20944
23220
10474
34382
967
49115
5067
18860
4033
49158
33171
41515
41920
34647
17158
20883
21406
14863
27247
25067
730
16049
42195
39861
22471
8045
32102
48155
34073
10379
35510
33704
4474
21901
41398
15595
23247
45735
2329
36165
49202
17693
10719
19962
12887
23178
921
29682
18080
14082
2360
18784
29390
39535
47061
15787
18978
33464
38131
4218
35733
12611
26591
1894
2573
36311
42027
31725
16961
19347
38558
42519
45467
33308
10601
48768
26037
23135
3154
17502
33179
24202
17380
42217
4595
27127
49417
31933
6183
12310
49933
3593
22647
48023
780
35019
37026
33258
49216
10675
44404
38982
1727
11790
37162
1590
46132
13786
32001
48938
27547
42814
21215
3089
1380
48135
34401
28970
3322
29439
9464
46424
46915
46732
41272
46581
4243
31182
26726
20014
8503
7699
28536
6483
24341
26432
33989
46533
42444
338
27116
49422
12333
33779
1174
47775
16046
18163
29947
13608
29334
48548
39953
1682
8812
34476
18532
5964
13773
3358
9151
35769
24831
8005
44859
26702
10408
33217
4280
24357
37891
44753
37883
4632
34625
47545
39469
13989
31126
36763
3428
14709
40823
15084
12585
49743
18987
41637
2799
48056
2586
35776
840
11838
16038
47971
24264
42013
40152
35105
2945
31753
11306
11346
49639
16393
38854
35167
11036
43334
29217
26230
2829
45393
40636
29661
11707
1599
520
47026
16298
26524
38152
39528
26985
21379
35028
30102
17939
473
18200
7212
12308
1119
47316
20979
16616
10795
19446
28930
19314
41986
20891
19006
8518
36978
44043
4738
43629
27480
41373
22433
35864
6877
21555
33626
29627
27062
26927
10935
25994
23487
36516
49045
24540
9356
37132
47066
26867
5879
26102
10671
28348
4503
6103
3521
49354
2266
48374
2976
3046
6041
47243
975
46171
49849
18432
32366
5341
43440
46295
16940
32620
4739
39352
43321
35171
13097
2240
600
26701
15625
22853
17843
28919
20481
8526
9803
39118
42652
18205
34607
32344
27444
20188
2706
4723
44648
17569
4847
244
34499
10193
11521
5256
38363
12052
45006
12987
7597
6026
46201
40974
18058
10681
29666
30033
13447
25440
35123
28345
15831
8695
40259
33812
10358
20120
37310
33177
48857
17946
49363
44423
28805
40659
41055
36570
34429
37031
6897
3868
49625
47205
35754
31962
42689
33295
29818
24753
32435
19879
12982
39677
14583
34690
47475
40295
7845
4455
13048
29348
17459
27831
26528
45468
46862
49806
21413
24024
32231
21860
18543
9452
13048
35327
43480
1511
44408
44746
45034
11816
29316
19545
32002
42057
837
45997
15420
34918
379
9918
48930
11732
38654
32091
21008
5927
9006
10844
4133
49530
483
41525
38685
49787
48089
44592
41904
21392
6347
1048
42208
1030
43039
16910
32806
44894
8344
1354
12860
37038
46515
32916
48895
36691
44953
9129
38475
31323
42371
22356
29804
20875
31761
24011
26443
3152
18249
27948
47660
6782
36199
23337
46426
30563
9525
46009
22196
6620
35949
18207
10969
40187
9510
27867
49525
21835
24644
1733
26036
8672
25285
48832
730
439
10347
49302
19554
33314
26752
3266
27787
25719
12818
16103
5040
9216
30590
7479
4088
42778
26158
31617
31281
11282
3898
15231
31903
33655
36681
29976
30684
26218
13134
15520
14505
47059
1277
45153
11137
575
28635
3840
24684
21385
15677
21870
39329
26674
42687
4381
41792
5046
5275
7073
36941
34138
18137
12116
28987
18635
37248
47248
9573
14223
8629
21545
29672
38528
29180
49836
42115
45060
1667
1219
9083
375
30073
30566
37207
26710
20543
12139
4678
1273
20672
5549
35677
19706
29648
34714
19101
28948
43595
26546
22305
32060
36945
22223
25361
20825
45445
6409
31662
47032
39279
2736
28577
46845
10155
43066
35708
45637
48070
47066
3717
46712
11746
20851
22183
29896
33287
3469
13249
40692
27958
2667
424
11516
33612
40309
10170
44191
2769
42678
27804
41638
48897
28917
17392
46213
23187
12704
23505
35167
3433
15027
22044
9122
4282
25331
4478
30562
39109
27703
34163
2047
14386
13869
37511
18349
2460
5
44950
42143
2394
37004
6693
34861
7050
30089
39822
16598
42713
13302
16802
26265
5551
31147
32162
46377
5657
38603
44538
22446
21614
36367
341
25554
37885
48504
5830
38674
8050
1002
36909
12109
36230
10316
30844
9784
19004
35495
3396
11951
21163
18258
30505
41620
7073
49161
13471
29037
42920
43120
20852
28905
39008
19259
40973
8577
18604
22400
23832
5030
6378
43476
33313
30065
13122
47726
18186
6897
31269
3171
6940
35400
23431
29577
31323
7270
41917
46538
25413
2015
34643
23398
2083
41054
43530
47904
10398
47247
8745
16660
1782
5466
18806
10088
18999
14522
13105
39716
22905
12460
37042
9933
12189
32631
18213
45278
24123
21576
18174
35283
19107
41992
21876
46851
26845
12646
43542
10574
19404
8514
30358
31169
3633
12338
8736
35993
6006
316
23672
10475
21642
24696
25210
14561
44621
31487
4155
22523
7433
13828
29662
48596
25780
20628
27131
31229
32399
37148
34924
31134
49078
2460
3021
12457
39344
4753
28570
40454
31911
1967
42969
9395
2093
548
3001
45724
9564
5463
802
39574
19888
20907
11573
40164
36476
27850
10111
39812
17659
22665
12493
11318
32058
45149
19303
35107
48189
12744
28889
17501
3237
31300
24124
43151
39977
16480
20859
45526
16113
13649
38578
40909
1811
40093
38480
34642
2382
7519
28281
23116
40219
10420
6147
40632
11343
27165
14271
36694
23433
6524
28279
8513
7616
13960
27866
42655
41371
41263
16006
37124
31898
35751
26081
37374
45974
19531
23110
14994
14987
37673
43897
18903
9565
12032
9037
32898
45351
5327
3653
31434
23363
10424
14765
47595
28869
48474
20586
9769
36623
29257
36194
46489
47510
1335
17039
44083
6927
4027
30679
26264
16729
48613
6173
42297
24323
42184
26803
46729
28871
32115
24158
35532
39481
32252
25765
20504
12614
16500
33345
43888
45879
23349
7869
16234
32320
35404
33196
28728
41189
6654
46875
13111
39164
48359
43961
14815
7864
12349
15382
9917
1480
22964
21583
25551
25178
19861
34266
13169
40307
24935
7569
6819
6000
45121
32207
38599
11346
37902
29834
11102
23289
1991
4258
30727
47820
16799
6840
42926
9379
23217
35243
43781
46693
14832
42084
12823
12758
42115
5550
30029
30486
39768
492
18842
22697
34881
7555
18561
704
24928
41551
22188
21997
36756
33354
33796
5637
33378
39104
28065
36918
20516
17645
43826
16671
4067
16982
2494
18535
22883
45806
9380
5009
21929
25996
14081
9005
48167
32688
17873
23950
29786
22825
39673
25076
6850
38297
11659
49962
49598
18662
6253
7259
8606
3460
1552
34710
40442
3440
47215
23511
13051
13767
27642
12676
3025
14185
27348
29167
49121
42258
32467
38060
47143
11843
1259
16015
25819
38504
42225
19505
30292
983
40419
41663
28239
29409
21956
27690
42902
35652
21689
35616
24697
5420
17986
21685
38357
17422
31572
14000
32186
48225
2662
30839
28113
17786
24483
36578
39789
18151
35210
39844
26734
23490
18550
31651
30573
45214
3480
42826
13090
36520
12549
24635
49219
2435
4810
39041
14085
25541
37404
48246
49068
41072
41314
44765
16468
34775
24915
19455
31468
24131
12559
46479
3498
47761
9572
1634
5845
37248
18891
35055
28151
3068
7276
29107
30218
35894
5667
44602
10186
41792
17426
32982
46926
10047
19776
47934
16689
20575
32791
36812
21352
48305
32947
6002
16557
30887
32415
30399
30294
42525
40909
19555
2869
13351
10226
19114
7985
20597
17160
49843
43824
36998
25239
10741
11484
27167
18433
5678
40011
9459
49285
37834
572
3364
35761
13006
20743
47717
35728
12436
1510
19974
33628
12749
39800
44446
5343
9443
37721
4408
48028
30359
2739
26975
4319
9305
10204
32255
44691
24784
40440
13494
36919
48993
13882
4105
33576
41917
21866
43423
8933
3252
31525
17807
47256
8720
1783
6585
24660
3987
48801
21974
19139
23033
763
38544
17087
13820
5829
28915
46171
48015
41748
33054
17398
6922
19930
28009
36000
22016
4471
18546
32486
39772
48560
4460
9029
37332
49716
21812
19978
38574
46382
226
11998
46481
21809
13134
28060
565
11919
22070
16892
8864
16612
23054
40052
47558
480
42900
15892
49965
16489
24834
11196
2880
5931
41850
43992
1657
5924
45144
639
42146
3586
47528
7870
33781
7293
23441
6547
21358
19833
34209
5276
48957
40534
12465
16915
44694
15099
28613
8881
28965
7438
40648
25332
38014
45708
49179
21093
10303
30296
45104
21371
42074
3126
9926
13960
26302
42133
7831
13569
44131
22940
3022
28213
41734
2283
28765
24567
47851
41191
33627
46108
36125
42904
41357
15525
21216
47772
32424
19974
5001
48986
32394
1548
44794
37383
35563
32694
28786
44265
7002
38859
46013
22187
18290
11647
13171
38474
24822
37416
13744
1287
17459
37849
30132
6112
44676
44001
11856
23698
4583
12912
36680
25327
42588
39056
31846
8711
31907
4737
42414
32827
36031
40202
41714
38106
23381
37001
11775
5236
26935
49154
39428
45680
13937
13678
45352
31753
25184
39319
34196
28324
35416
35885
16131
40618
9779
10060
10200
41312
35514
18418
40938
47775
35825
43100
34670
44586
30610
49523
30619
42494
4853
46990
3813
3416
5935
18335
38387
45101
33949
8963
25664
37642
24703
1003
33343
34833
7038
47945
5220
536
11660
22030
21584
24497
20644
38375
45514
5306
33043
37258
25507
23238
38397
43078
13307
43789
41122
38032
34387
33360
29108
6224
35788
40441
2365
9798
15123
48572
46605
41273
17891
15916
14585
9100
19204
5395
43485
28670
28864
43838
3636
34378
6100
34953
43299
37718
25179
5339
39371
24016
18164
14175
37704
40732
15066
24946
49426
4201
36257
8497
39157
27539
531
12166
12253
47670
4234
36582
27999
35602
1601
45643
1902
7159
15943
9397
10290
43311
41924
23503
3585
27469
45275
29576
30911
41459
9979
43275
26856
6791
5341
3506
30284
6779
37843
14936
44268
40004
31236
43898
12837
49609
16182
25851
27448
3148
13536
40761
28038
30569
24918
24361
73
15538
3354
11589
8013
7165
18448
39557
39442
36275
29930
34187
18534
40469
45549
35115
43930
30494
18486
4436
7718
561
38549
28693
643
15423
6605
41729
9501
38004
28198
19704
28071
48149
21602
18045
13168
3331
36036
23281
18627
27910
13008
47934
42417
27352
768
20040
36542
39042
34006
13665
5525
20500
26553
47759
26437
40861
36140
21306
40536
37837
12508
17740
8173
12581
3723
42753
43424
11802
23092
13717
17111
37299
733
24211
28139
8021
16694
12191
29372
22881
7408
7449
23908
46306
21747
3435
13534
44132
33331
24687
22330
18504
32774
38772
37286
29132
49369
16531
10117
9587
35699
37408
30131
49839
18411
31667
8868
21313
14570
28971
36872
39071
32201
48835
31001
19993
30825
36638
10147
7935
6586
32225
40179
40450
19173
14510
47331
45355
3235
26329
6182
48201
4310
5516
42448
17481
38176
7777
6159
42845
48223
27033
35074
47190
38264
23134
8212
1059
18966
14363
16474
30472
18149
37215
21229
32987
49733
42265
22575
39673
25820
30997
43418
19976
35701
18797
19958
39516
38844
33095
21877
7564
31095
4098
23937
14536
41317
2487
27684
4373
17137
24388
17804
17006
11323
14602
24969
21682
1878
39528
35203
15880
14777
37812
9021
159
18782
5052
4984
37292
23638
18225
5765
4308
8971
28848
36069
6225
12049
48329
35472
36281
30356
13943
35850
27473
14001
41934
40385
27929
11499
35498
4613
44722
2357
42678
17008
29542
35056
35833
9350
38818
20110
9807
28797
3126
49198
47100
12374
17314
9478
34358
20436
37626
18180
16622
10887
8793
26312
43107
9881
37547
35793
17196
18324
3927
35424
26765
25997
44426
30449
49080
38309
38903
27211
8716
34071
45514
28648
19502
13241
32200
3064
35546
42620
38038
41657
7543
49726
20869
13828
25777
42861
35069
29488
26235
21283
12046
30703
21722
24012
3283
47169
35001
14890
6540
16046
14712
19194
41200
17982
47859
13802
25116
14810
44608
41987
15376
7560
34352
27502
11038
34331
29711
1669
120
18835
34685
7315
29975
13027
39343
3520
939
39600
31977
4580
36150
44879
30818
46236
26577
17354
35100
21282
35018
39372
35429
36071
33229
42209
40169
25060
30154
19417
49551
14045
39602
38457
39670
9865
31137
16318
34082
21012
7151
32113
25178
41072
37355
10665
536
10702
41830
26939
26027
27676
8659
32006
42584
41430
34952
13339
43241
35021
29226
30387
3341
12244
34568
7310
45620
33162
11599
1484
7028
21686
8006
43775
28322
24724
11340
37440
26192
44833
35823
40696
22662
47234
457
35746
36294
47397
34187
1174
45639
40572
2047
18386
15097
11256
20300
49864
40746
48364
1167
36441
21516
28583
998
49146
26741
41596
27826
41413
543
2248
20745
30497
63
45659
20287
26191
8345
43473
13343
15735
7891
24145
34821
15827
42413
49900
44437
15008
24460
47253
39545
36919
6576
1848
11207
16496
23613
24912
10935
49768
4507
10290
16091
32232
30209
39696
5407
22491
37710
38786
15179
4402
7394
4683
18768
49169
9854
40106
28527
16932
17911
34404
48529
35418
37471
40392
29514
42610
34826
25708
58
11338
45641
47614
34433
11240
7524
36139
29987
25156
8102
5721
12527
32270
2563
9487
48396
16548
18599
44751
4043
32557
26843
49902
8723
35308
7342
29725
9097
39008
11010
30070
298
40992
15340
32486
24845
26935
25467
629
30508
8961
6637
12341
10399
45365
2365
17003
5767
22916
24030
7407
15272
44585
10401
11486
30263
35155
31460
43969
43966
22827
13280
10542
37601
2152
42242
31926
37395
22682
859
13436
19160
19957
40737
16935
37982
7084
6087
42896
23898
49867
25264
22210
13333
34957
47171
18340
26454
824
40535
10702
45280
33789
42489
39609
839
21608
29686
26596
3527
37554
29157
10682
21977
10697
6192
45823
31570
24205
20971
20141
16913
31470
46691
2752
7192
7162
23675
1532
48318
39626
18943
2138
21762
45079
28671
41678
33941
27786
4433
14588
44370
30517
18546
44695
46336
35663
38553
4326
49236
30733
29605
29416
21972
27595
33018
34695
6159
33189
44671
45931
49762
47092
15289
16462
39669
12861
38553
37721
40237
21208
23294
16585
27990
45600
23812
4947
5315
45345
15289
31182
7050
14492
36871
12428
10534
31117
30061
3409
22377
7469
27226
20521
42235
42069
27371
1332
37370
49398
37013
20970
4312
49865
42913
19650
34673
6821
26021
15800
6215
46246
10404
34370
30079
30544
1164
29974
17502
34836
15106
49190
41562
41558
22736
17420
31268
44942
18270
42760
376
18691
5580
42517
13073
1158
9126
17468
13235
17169
29762
45392
36389
36111
31443
49120
17407
47381
42992
2167
33078
38025
46437
45998
13523
11932
14472
14542
32018
14977
46047
24197
26274
11839
6274
39375
19166
44615
37366
39997
15688
23585
7482
41257
15020
18709
28877
44859
39152
16006
15521
39891
7094
3654
27245
31867
20015
42426
25777
20593
33681
24091
47414
41010
41369
10098
12104
35656
37225
9543
10385
47702
48112
31986
13059
7301
39944
31428
16794
5351
4173
21046
44174
2767
47902
49393
850
33202
25311
39560
15177
44378
21772
41068
6661
45771
21783
2390
22796
46802
14659
21454
42620
47623
14578
5243
45269
40534
1460
37386
2631
21294
7796
1872
45480
10512
40348
16507
3942
1629
21328
28747
33386
7679
39035
32016
38549
19352
40890
13793
29600
7464
37316
37595
32361
41477
4954
18583
21429
43531
9763
33137
9842
3251
35760
39441
8779
14002
26212
16531
22909
45106
27739
25161
22132
4696
7007
14385
44911
37036
18893
20119
4300
1202
31753
14288
12004
43902
3349
38945
45113
36883
26793
24044
42809
23311
35367
42360
37544
32000
15633
20961
7343
22927
32723
19980
13863
44054
43569
45667
15905
33828
11729
19051
16827
32724
31219
22427
7387
19356
11864
5552
32958
47570
10476
710
4229
28886
24784
28419
6383
20951
34808
43918
39897
30336
34719
44067
20640
47139
22698
28125
10068
5508
32944
31890
1252
27813
5043
15777
20258
35311
23983
391
32578
38484
7550
24658
46592
23180
28401
9133
8178
31404
40884
42398
41484
42902
15510
14898
19308
42395
25289
18402
6573
3049
7972
49867
9207
47560
20904
1716
14517
12646
28779
45351
12156
34680
28158
18928
10557
24562
40208
20422
42294
34503
9511
25021
7707
25459
16527
9368
7092
33469
28808
18141
43136
28312
36527
37746
24177
17420
5936
13268
24618
48361
48825
38532
14534
5158
39618
15525
46754
20867
33405
7076
46309
9954
7961
283
10002
22970
23939
30378
41986
2633
12929
25631
2868
34090
49533
11592
16440
11331
2624
43716
22498
44674
24641
2489
37675
26529
29542
1520
48425
28743
32978
44380
23812
29507
49380
8365
13334
36581
39847
7250
16238
10507
39233
49125
16236
25431
9090
46334
25567
41730
23236
29558
18590
42709
39032
48063
8719
6766
32331
48078
34804
31472
7366
27858
15568
17495
22182
45818
5455
5555
37585
25710
22909
25076
36413
11754
38572
19329
44564
28614
24475
45864
2568
22685
39972
17351
4744
40938
29971
10166
14349
48148
34985
39906
30334
11015
7813
9192
8704
433
47941
43423
2850
4905
41178
35664
22470
1951
13743
25172
44912
35107
41269
31475
33933
39610
30966
2861
25488
19387
5837
30001
3027
40246
40304
49075
37152
38693
6820
14627
6951
4425
45242
37174
43157
15385
22273
38741
5870
29044
4483
25025
23464
49306
10212
30476
33219
32276
38008
26157
25367
34269
39522
423
25426
7603
10595
19453
18266
43383
5016
36475
16487
28299
26061
47771
156
31070
45186
24883
29502
3114
19182
43121
28564
34488
42534
28473
9395
30552
26753
43207
25385
19057
4604
20571
23837
3400
22326
32628
21028
44162
19700
44065
16065
15990
32776
25864
23332
42945
18537
4414
36173
1544
35552
31875
42306
31945
13104
15257
15146
46602
42641
49281
16692
13653
26402
41599
38025
45873
45884
13494
17062
31539
47957
14635
1584
43101
33074
21969
27729
14012
25811
48868
1285
47443
32462
27768
46823
27353
11029
30910
36481
32120
47287
4849
29496
2206
16859
4498
16335
31296
25227
8151
11109
2343
333
26735
3277
30130
11137
37510
6324
22281
11215
47479
15634
4542
9174
6986
39538
48549
45033
11853
14835
13324
5071
